a = [ 649  648  648  648  647  645  647  647  646  647  647  647  648  648  648  649  649  649  648  648  645  646  645  645  646  647  647  648  648  648  648  648  648  649  647  647  646  646  646  646  647  647  648  649  648  649  648  648  649  648  647  647  647  646  646  646  646  648  648  648  649  649  648  649  648  647  648  646  646  647  646  646  647  648  648  649  648  648  649  648  648  647  646  645  646  646  647  648  648  648  649  648  648  649  648  647  648  646  646  647  646  646  647  647  648  649  649  648  649  648  647  647  647  646  647  646  646  647  647  648  648  648  649  649  649  648  647  647  646  647  646  646  647  647  648  648  649  649  649  648  648  648  647  646  647  646  646  647  647  648  648  649  648  648  648  647  648  647  646  646  647  646  646  647  647  648  648  648  649  648  648  649  647  646  647  646  646  647  647  647  649  648  648  649  648  648  648  648  647  646  646  646  646  646  646  648  648  648  649  648  647  649  648  647  647  646  646  646  646  647  648  647  648  648  649  649  648  648  647  647  646  645  647  646  647  647  647  638  583  539  531  494  460  459  440  417  430  443  438  483  537  601  646  649  648  648  649  648  648  648  646  645  646  646  646  647  647  648  649  648  649  648  648  647  647  647  646  646  646  646  647  647  648  648  649  648  644  604  577  559  546  555  623  645  646  646  647  647  648  648  648  649  648  648  648  647  646  646  646  646  646  647  647  648  649  648  649  648  648  648  647  647  647  646  646  647  646  647  648  648  648  649  649  648  648  647  646  646  645  646  647  647  646  648  648  648  648  649  648  649  648  646  647  646  646  647  646  647  648  648  649  649  649  648  649  648  647  572  449  258  129  121  122  122  124  124  124  124  124  124  123  122  121  121  121  121  122  121  122  123  123  123  124  123  123  124  123  122  121  121  121  122  121  123  123  123  123  123  123  124 123  123  122  121  121  123  269  525  645  647  648  649  649  648  648  648  647  647  647  646  647  646  646  647  647  648  649  648  648  607  457  233  125  122  121  122  121  120  122  122  123  124  124  124  124  123  123  123  122  120  122  122  121  122  123  122  124  123  123  124  124  123  124  122  121  121  121  120  122  122  122  123  123  123  208  579  647  648  647  646  646  646  646  647  646  647  649  648  648  649  649  648  648  648  647  647  646  646  646  646  647  649  648  648  649  648  647  648  648  646  647  646  645  646  647  647  647  648  648  649  648  648  649  648  646  647  647  646  647  647  647  648  647  647  648  649  649  649  648  647  647  646  645  647  646  646  648  647  648  649  648  648  649  649  647  647  647  646  646  645  646  647  648  648  648  649  637  561  501  439  387  357  342  345  354  380  411  443  486  530  579  632  648  649  647  647  647  645  646  647  646  647  647  648  648  649  648  649  649  647  647  647  646  646  646  646  647  647  647  648  648  649  649  648  648  648  646  646  646  646  646  646  647  647  649  649  648  649  648  648  648  647  647  647  647  645  646  647  646  648  649  649  649  649  648  648  648  647  646  646  646  646  646  647  648  648  648  649  649  648  648  648  647  646  646  646  647  646  645  647  648  649  649  648  648  648  647  647  646  646  646  647  647  646  647  648  648  649  648  648  648  648  647  648  647  646  646  646  646  647  648  648  649  649  648  649  648  647  647  647  646  646  646  646  647  648  648  648  649  648  649  648  648  647  646  646  646  645  647  646  648  648  649  648  649  649  648  648  648  646  647  647  646  646  647  647  647  649  649  648  649  648  648  648  647  646  647  647  646  647  647  647  648  648  648  649  648  648  649  647  646  646  646  646  647  647  648  648  648  648  648  648  648  648  647  646  646  646  646  647  646  646  648  648  648  649  649  648  648  648  647  646  646  645  647  646  647  648  649  647  649  649  648  649  635  584  543  506  488  488  508  556  629  648  648  648  648  648  649  647  647  647  646  646  646  471  461  360  303  254  205  191  260  238  204  125  237  204  201  122  121  121  122  122  124  211  367  454  501  533  544  546  575  619  644  646  647  647  647  648  649  648  648  649  649  648  647  646  646  646  646  646  647  647  648  648  648  648  650  648  648  649  647  646  645  646  646  647  647  647  649  648  648  648  648  648  648  647  646  647  646  646  646  647  648  648  649  648  649  648  648  647  647  646  647  646  646  646  647  647  649  648  648  649  649  648  648  648  647  647  625  482  290  143  122  124  124  124  124  124  123  124  123  121  122  121  121  122  122  122  123  124  124  124  124  122  124  122  121  122  121  121  121  121  122  123  123  124  124  123  123  124  123  122  122  121  121  121  133  396  615  648  647  648  648  649  439  430  222  281  223  247  246  235  233  199  203  237  147  124  123  124  123  123  123  122  121  121  121  121  122  123  123  124  124  123  124  123  122  122  121  121  121  121  122  122  122  123  125  123  123  220  211  130  241  212  203  228  235  203  125  232  235  212  123  123  124  124  131  500  645  645  646  646  646  647  646  647  649  648  648  649  649  648  648  647  646  647  646  646  647  647  647  649  649  648  648  648  648  649  647  647  647  646  646  646  647  647  649  648  648  649  649  649  648  647  647  646  645  646  646  646  647  648  648  648  649  648  648  649  648  647  647  646  646  646  646  647  648  648  648  649  648  648  649  647  647  646  646  646  647  646  647  648  648  648  649  484  455  155  210  243  212  241  242  204  127  237  237  237  233  245  244  231  209  238  201  228  235  203  130  212  236  237  211  238  207  129  206  246  132  157  259  240  187  208  241  164  215  204  235  146  244  237  151  202  249  144  197  236   203  190  211  204  234  120  238  208  160  216  238  206  147  241  209  146  98  227  207  149  215  211  230  232  239  206  125  207  235  201  202  242  184  213  208  236  224  257  204  238  126  238  203  215  227  236  203  123  238  213  125  249  254  242  236  236  248  136  240  235  204  224  240  236  131  206  211  131  206  238  205  148  247  206  234  209  236  205  135  239  235  202  188  242  214  124  285  250  155  240  241  211  123  236  235  210  229  228  244  126  242  243  149  257  203  235  126  203  235  205  256  211  238  125  210  208  213  235  212  245  122  245  212  127  238  209  210  194  206  238  137  216  239  207  188  243  212  215  247  226  240  199  203  238  144  246  208  237  188  206  236  131  236  217  136  145  259  211  206  227  248  193  214  212  203  165  203  236  153  240  210  147  185  205  237  203  248  238  208  136  237  227  164  245  202  234  109  209  244  124  285  220  180  206  208  235  126  236  206  212  228  229  241  124  246  245  153  231  239  207  212  219  234  226  98  202  235  174  215  203  247  124  212  211  125  279  222  222  240  210  209  129  207  222  235  211  237  206  128  241  249  127  244  236  204  134  239  212  201  202  204  238  131  230  237  231  194  240  210  122  270  219  131  235  242  212  196  206  237  140  208  238  237  214  210  232  215  218  234  203  153  238  205  148  247  239  207  211  237  235  132  207  209  138  112  226  241  168  241  211  206  250  203  236  116  235  204  159  240  244  152  230  239  206  213  219  237  223  100  204  234  174  214  235  206  127  241  213  125  245  251  191  236  241  212  125  205  235  211  262  236  205  125  211  211  141  225  237  205  127  236  204  180  254  203  236  124  226  237  205  203  213  232  124  234  211  124  240  208  242  201  204  238  129  239  212  238  231  244  243  229  206  235  202  228  236  203  131  210  238  237  211  244  239  130  238  252  239  120  